7A208
78218
78228
78238
78248
7A258
7A268
78278
78288
7A298
78308
7A318

8A1A

8A28

BHA = 90-105 105-125 90-105 105-125 90-105 105-125 90-105 105-125 90-105 105-125 90-105 105-125 90-105 105-125 90-105 105-125 90-105 105-126

695
m7

715
7.25
72
72
7.35
7.55
WT
7.45
7.45
79
8
7.95
85
855

69
7.05
6.95
6.95
7.05

74

75

73

73
775

78

78

84
8.45

74
72
m7
zl

7.25
75

7.65
74
74

7.85

8
79
85

855

66
66
66
66
68
73
74
m7
TA
76
75
75
84
83

69
69
6.85
6.85
7
7.45
76
73
73
WT
76
76
83
8.45

665
675
67
67
6.85
74
7.45
72
72
79
78
78
8.25
835

69
7
6.95
6.95
m7
75
7.65
74
74
84
8
79
84
855

67
675
67
67
6.85
7.35
74
72
72
WT
76
76
82
8.35

685
6.95
6.95,
6.95,
zl
7.45
76
74
74
84
8
79
8.35
85

7.05
ral
m7
m7
72

7.45

7.55
74
74

7.85

8
79
84
84

715
7.25
7.25
7.25
7.35
76
WT
75
75
79
84
8
85
855

64
65
66
66
67
69

7
m7
m7
73
75
76
79
81

675
68
69

7
m7

7.35
74
75
75
1

8
82

8.45

87

66
67
67
675
69
7
TA
m7
m7
75
WT
76
84
82

695
7.05
7.05
7.15
73
75
76
75
75
7.85
84
8
8.55
87

67
68
68
68
69
m7
72

695
